{"0000000001.png": {"poses": [0.9999992847442627, -0.0009930874221026897, 0.0007335344562307, -0.001952301156715474, 0.0009931959211826324, 0.9999995231628418, -0.00014762130740564317, -0.01320170459713256, -0.0007333874818868935, 0.00014834973262622952, 0.9999997615814209, 0.6202868625631627, 0, 0, 0, 1], "rot": [[0.9999992847442627, -0.0009930874221026897, 0.0007335344562307], [0.0009931959211826324, 0.9999995231628418, -0.00014762130740564317], [-0.0007333874818868935, 0.00014834973262622952, 0.9999997615814209]], "trnas": [-0.00242032203823328, -0.013107739388942719, 0.6202871799468994]}, "0000000002.png": {"poses": [0.9999981167089603, -0.0013718206447965345, 0.0014065989143844991, -0.0027640391534829037, 0.0013726778078412979, 0.9999988996612909, -0.0006086529982803782, -0.02428292820585761, -0.0014057623678824138, 0.0006105826630280137, 0.9999988421792378, 1.2261928191137583, 0, 0, 0, 1], "rot": [[0.9999997019767761, -0.0003790725313592702, 0.0006726066931150854], [0.000379383098334074, 0.9999998211860657, -0.0004616999940481037], [-0.0006724315462633967, 0.0004619550600182265, 0.9999996423721313]], "trnas": [-0.0016787070780992508, -0.010710141621530056, 0.6059108376502991]}, "0000000003.png": {"poses": [0.9999975948980852, -0.0009064318200611894, 0.0020190889333364624, -0.0031706063334879016, 0.000908593100368413, 0.9999990181792313, -0.0010697752265027701, -0.03609928902561465, -0.0020181172436547867, 0.001071607155260477, 0.9999974019631268, 1.8065165887559687, 0, 0, 0, 1], "rot": [[0.9999997019767761, 0.0004647399764508009, 0.0006118578603491187], [-0.00046445734915323555, 0.9999997615814209, -0.000461962801637128], [-0.0006120724137872458, 0.00046167848631739616, 0.9999997019767761]], "trnas": [-0.0015884637832641602, -0.01119410153478384, 0.5803340673446655]}, "0000000004.png": {"poses": [0.999996586505482, -0.0007153540345151635, 0.0025448954035390773, -0.0028958025847235984, 0.000720237024701179, 0.9999979244282317, -0.0019183390983023953, -0.049361125981856616, -0.002543517776232214, 0.0019201653681840609, 0.999994955696989, 2.3688807304759365, 0, 0, 0, 1], "rot": [[0.9999998807907104, 0.00018936382548417896, 0.0005250390968285501], [-0.00018891799845732749, 0.9999996423721313, -0.000849042262416333], [-0.0005251996917650104, 0.0008489429601468146, 0.9999995231628418]], "trnas": [-0.0011651319218799472, -0.012182173319160938, 0.5623874068260193]}, "0000000005.png": {"poses": [0.9999958810892832, -0.0006276117796768934, 0.002823260843928369, -0.002783489570725331, 0.0006341358336742261, 0.9999971746059405, -0.002310529404785891, -0.06197214431506032, -0.0028218025914024084, 0.002312310179134499, 0.9999933757147986, 2.9153742081060097, 0, 0, 0, 1], "rot": [[0.9999999403953552, 8.674397395225242e-05, 0.0002780859940685332], [-8.663485641591251e-05, 0.9999999403953552, -0.0003923916374333203], [-0.0002781200164463371, 0.0003923675394617021, 0.9999998807907104]], "trnas": [-0.0014377811457961798, -0.011347389779984951, 0.5465192794799805]}, "0000000006.png": {"poses": [0.9999944387794312, 0.00016236716125770815, 0.003361935273085687, -0.00266495582797196, -0.00015452666186738118, 0.9999973274562227, -0.00233227229191476, -0.0752348786697803, -0.0033623047719433443, 0.0023317396492684096, 0.999991685438368, 3.452821860145928, 0, 0, 0, 1], "rot": [[0.9999995827674866, 0.0007899208576418459, 0.0005386631237342954], [-0.0007899090996943414, 0.9999997019767761, -2.208481055276934e-05], [-0.0005386804114095867, 2.1659303456544876e-05, 0.9999998807907104]], "trnas": [-0.0016864800127223134, -0.01200949028134346, 0.5374744534492493]}, "0000000007.png": {"poses": [0.9999929165579284, -0.0001292021178668951, 0.00379350713589123, -0.0015205424793493943, 0.00014010421301910818, 0.9999959309269562, -0.002873765002502269, -0.08709121705572824, -0.0037931199643336092, 0.002874275732433509, 0.9999887927752789, 3.956778730507116, 0, 0, 0, 1], "rot": [[0.9999998807907104, -0.00029339155298657715, 0.0004316627746447921], [0.0002936252567451447, 0.9999998211860657, -0.0005414278712123632], [-0.00043150383862666786, 0.000541554531082511, 0.9999998211860657]], "trnas": [-0.000768824655096978, -0.010407925583422184, 0.5039895176887512]}, "0000000008.png": {"poses": [0.9999920306122132, -0.00026292166404146987, 0.004022635653159059, 0.00020423883091005846, 0.0002789329747862874, 0.9999921355267802, -0.003980269006914687, -0.09868749231466645, -0.004021556952038386, 0.0039813586094786515, 0.9999841476434356, 4.440463506165966, 0, 0, 0, 1], "rot": [[1.0, -0.00013791839592158794, 0.00022898943279869854], [0.00013817170110996813, 0.9999994039535522, -0.0011065423022955656], [-0.0002288366958964616, 0.0011065738508477807, 0.9999994039535522]], "trnas": [-0.00022363290190696716, -0.009670913219451904, 0.4837300479412079]}, "0000000009.png": {"poses": [0.9999913660471373, -0.00012916933095080132, 0.004196499044269709, 0.001059254989171682, 0.0001483153919171472, 0.999989676207195, -0.004562400254284473, -0.10998631706672615, -0.004195865886699265, 0.004562982364450441, 0.9999809523506931, 4.9062662581731, 0, 0, 0, 1], "rot": [[1.0, 0.0001314115070272237, 0.00017371242574881762], [-0.0001313103421125561, 0.9999998211860657, -0.000582184991799295], [-0.0001737888960633427, 0.0005821621743962169, 0.9999998211860657]], "trnas": [-0.0011011125752702355, -0.00917336717247963, 0.4658488631248474]}, "0000000010.png": {"poses": [0.9999897883280445, -0.00014614145165475295, 0.004557730142108353, 0.00182517754850946, 0.00016642300454515452, 0.999990186925672, -0.004449864476067846, -0.12011776611576909, -0.004557034509655712, 0.004450576602715373, 0.9999798902531934, 5.359934722613032, 0, 0, 0, 1], "rot": [[0.9999999403953552, -1.6500252968398854e-05, 0.000361248996341601], [1.6459620383102447e-05, 1.0, 0.0001124830887420103], [-0.00036125085898675025, -0.0001124771370086819, 0.9999999403953552]], "trnas": [-0.0013031538110226393, -0.008112373761832714, 0.453707754611969]}, "0000000011.png": {"poses": [0.9999868875585709, -5.748469516513698e-05, 0.005157759732125634, 0.0033314368950329663, 8.159484147289727e-05, 0.9999892019054959, -0.004674451210287951, -0.12989892737860353, -0.00515743441931415, 0.004674809791813279, 0.9999759772070796, 5.792598367111599, 0, 0, 0, 1], "rot": [[0.9999998211860657, 8.763381629250944e-05, 0.0006000036955811083], [-8.749901462579146e-05, 1.0, -0.00022468958923127502], [-0.0006000233697704971, 0.00022463705681730062, 0.9999998211860657]], "trnas": [-0.0007259926642291248, -0.0077585200779139996, 0.4327065646648407]}, "0000000012.png": {"poses": [0.9999837414546678, -0.00033733505209682704, 0.005718536174934964, 0.005672852910803786, 0.000367257325756257, 0.9999863319510635, -0.005232265919438148, -0.13885580312646265, -0.005716692194638051, 0.005234280220159036, 0.9999701196104986, 6.203589995962833, 0, 0, 0, 1], "rot": [[0.9999997615814209, -0.000282732245977968, 0.0005607535713352263], [0.0002830450830515474, 0.9999997615814209, -0.0005578681593760848], [-0.0005605956539511681, 0.000558026775252074, 0.9999996423721313]], "trnas": [-1.1424260264902841e-05, -0.0068062967620790005, 0.41103947162628174]}, "0000000013.png": {"poses": [0.9999811166150393, 0.00020768409778699045, 0.006167547854935494, 0.008564527401503038, -0.0001705857686723097, 0.9999820181154666, -0.006014999426183686, -0.14826847442068083, -0.0061686852251977, 0.0060138331287070195, 0.9999630390067255, 6.594420913199465, 0, 0, 0, 1], "rot": [[0.9999997615814209, 0.0005405520787462592, 0.0004487572587095201], [-0.0005402006208896637, 0.9999995827674866, -0.0007829112000763416], [-0.00044918025378137827, 0.0007826686487533152, 0.9999995827674866]], "trnas": [0.0004823124036192894, -0.007061508018523455, 0.39089080691337585]}, "0000000014.png": {"poses": [0.999976004569231, 0.0002288071403558472, 0.00694736703178143, 0.011779974283977673, -0.00018214602068180675, 0.9999775595230658, -0.00671626214734718, -0.15732098319932383, -0.00694874670999182, 0.006714834789645002, 0.9999534745441384, 6.959079019068513, 0, 0, 0, 1], "rot": [[0.9999997019767761, 1.679914021224249e-05, 0.000779982830863446], [-1.625226104806643e-05, 0.9999997615814209, -0.000701145501807332], [-0.0007799944141879678, 0.0007011326379142702, 0.999999463558197]], "trnas": [0.0006831014761701226, -0.00660294946283102, 0.36472415924072266]}, "0000000015.png": {"poses": [0.9999698355271636, 0.00027861237938971417, 0.007782181666734305, 0.015589096274729023, -0.0002200487187748287, 0.9999718215887424, -0.007525192028144265, -0.16563846611762242, -0.007784057343493104, 0.00752325183722046, 0.9999415855906434, 7.302580069517331, 0, 0, 0, 1], "rot": [[0.9999996423721313, 4.418758908286691e-05, 0.0008350242860615253], [-4.351222014520317e-05, 0.9999997019767761, -0.0008088003378361464], [-0.0008350597927346826, 0.0008087637252174318, 0.9999993443489075]], "trnas": [0.0011370050488039851, -0.005731940735131502, 0.34357309341430664]}, "0000000016.png": {"poses": [0.9999615789262004, 0.0008169537867848073, 0.008747318660696026, 0.01807730168787214, -0.0007523524452876395, 0.9999726365500298, -0.007386012500541116, -0.17479033954906767, -0.008753111396963326, 0.007379147090874124, 0.9999346448293871, 7.633018331793362, 0, 0, 0, 1], "rot": [[0.9999994039535522, 0.0005394465406425297, 0.0009651309810578823], [-0.0005395812913775444, 0.9999998807907104, 0.0001393922429997474], [-0.0009650556603446603, -0.00013991293963044882, 0.9999995231628418]], "trnas": [-0.00039736757753416896, -0.006711235269904137, 0.330505907535553]}, "0000000017.png": {"poses": [0.9999560346780103, 0.0005783028767040481, 0.009382821145853107, 0.01959915808541384, -0.0005135257185871281, 0.9999762509184557, -0.006904741140480087, -0.18206454809298148, -0.009386589337301705, 0.006899618448164432, 0.999932342389477, 7.938890178031996, 0, 0, 0, 1], "rot": [[0.9999998211860657, -0.0002344470121897757, 0.0006351359188556671], [0.00023414104362018406, 0.9999998807907104, 0.00048176018754020333], [-0.0006352487835101783, -0.00048161137965507805, 0.9999997019767761]], "trnas": [-0.0013455678708851337, -0.005162754561752081, 0.3059155344963074]}, "0000000018.png": {"poses": [0.9999485495403696, 0.000505457095308423, 0.01015324966028006, 0.021684119664160877, -0.0004364405788878985, 0.9999770234398572, -0.006798542805566935, -0.18957298252792176, -0.010156450470704192, 0.006793760971937801, 0.9999255483856829, 8.218844256396915, 0, 0, 0, 1], "rot": [[0.9999997019767761, -7.184930291259661e-05, 0.0007704035378992558], [7.176720100687817e-05, 1.0, 0.00010659443069016561], [-0.0007704112213104963, -0.00010653910430846736, 0.9999997019767761]], "trnas": [-0.0007552081369794905, -0.005605264566838741, 0.2800053358078003]}, "0000000019.png": {"poses": [0.999940307509254, 0.0003014321132612179, 0.010945845838703127, 0.024553794527690423, -0.00022386063401346756, 0.999975091700551, -0.007087375165339558, -0.1968442541104813, -0.010947707430997225, 0.007084500710451216, 0.9999151789195286, 8.47842630420373, 0, 0, 0, 1], "rot": [[0.9999997019767761, -0.0002069664333248511, 0.0007927864207886159], [0.00020719518943224102, 0.9999999403953552, -0.00028849541558884084], [-0.0007927266415208578, 0.0002886595902964473, 0.9999996423721313]], "trnas": [2.930293521785643e-05, -0.00543121388182044, 0.2596428692340851]}, "0000000020.png": {"poses": [0.9999338251150905, 0.00031476962763441743, 0.011521332055280671, 0.027524851579718946, -0.0002298685925283767, 0.9999730303816714, -0.0073696113933510955, -0.20384874496185398, -0.011523339193402852, 0.007366474381910826, 0.9999066402791031, 8.720236748096857, 0, 0, 0, 1], "rot": [[0.9999998211860657, 1.0250209015794098e-05, 0.0005756082246080041], [-1.0087821465276647e-05, 0.9999999403953552, -0.00028211608878336847], [-0.0005756110767833889, 0.00028211023891344666, 0.9999997615814209]], "trnas": [0.00018600662588141859, -0.005222074221819639, 0.241873636841774]}, "0000000021.png": {"poses": [0.9999263075394355, 0.0003324530245245706, 0.012157778295359075, 0.030763485273381935, -0.00023828371791505685, 0.9999701932287768, -0.007746230263346563, -0.21075985466096525, -0.012159988820054821, 0.007742760999528973, 0.9998962926511801, 8.940017843193662, 0, 0, 0, 1], "rot": [[0.9999998211860657, 1.3346793821256142e-05, 0.0006366096204146743], [-1.3107121958455537e-05, 0.9999999403953552, -0.0003764844441320747], [-0.0006366145680658519, 0.00037647600402124226, 0.9999997615814209]], "trnas": [0.0005675057764165103, -0.005208112299442291, 0.21985112130641937]}, "0000000022.png": {"poses": [0.9999180281694678, 1.3104439568286508e-05, 0.012822995768146916, 0.03375198330041888, 8.825953708699701e-05, 0.9999689855630592, -0.00790426109660235, -0.21760528915210983, -0.012822698814548332, 0.007904743725045491, 0.9998867415324008, 9.13863460321712, 0, 0, 0, 1], "rot": [[0.9999997019767761, -0.0003212942974641919, 0.0006653218879364431], [0.00032139942049980164, 0.9999999403953552, -0.00015787885058671236], [-0.0006652711308561265, 0.00015809264732524753, 0.9999997615814209]], "trnas": [0.0004408456734381616, -0.005275166127830744, 0.1986866146326065]}, "0000000023.png": {"poses": [0.9999148653323372, -0.00012371265805147515, 0.013069816468821351, 0.03651683440598272, 0.00023149906985199252, 0.9999662134921953, -0.008245781923419456, -0.22510573848779225, -0.013068351897512579, 0.008248103788739218, 0.9998808168060579, 9.318255296382237, 0, 0, 0, 1], "rot": [[1.0, -0.00014120886044111103, 0.0002468461752869189], [0.00014129315968602896, 0.9999999403953552, -0.00034155367757193744], [-0.0002467979211360216, 0.0003415885439608246, 0.9999999403953552]], "trnas": [0.00041553261689841747, -0.006019005086272955, 0.179697185754776]}, "0000000024.png": {"poses": [0.9999105759054728, -1.273533849290776e-06, 0.013394549006289598, 0.03906227258340608, 0.00011516810031381797, 0.9999641256012317, -0.008502286998288401, -0.23161324505436826, -0.013394053821084497, 0.008503067581493861, 0.9998743971567279, 9.474869397039281, 0, 0, 0, 1], "rot": [[0.9999999403953552, 0.00011909619206562638, 0.000324729218846187], [-0.00011901287507498637, 1.0, -0.0002565894101280719], [-0.00032475977786816657, 0.00025655076024122536, 0.9999999403953552]], "trnas": [0.0004467630642466247, -0.005175573285669088, 0.1566837728023529]}, "0000000025.png": {"poses": [0.999906029256838, 8.914885098876986e-05, 0.013729509279167138, 0.04113385546651838, 2.886295683128507e-05, 0.9999633470705888, -0.008595049748703397, -0.23677509272575867, -0.013729768225244469, 0.008594636643086578, 0.9998690615446955, 9.612877237369512, 0, 0, 0, 1], "rot": [[0.9999999403953552, 8.918767707655206e-05, 0.0003349909093230963], [-8.915659418562427e-05, 1.0, -9.280516678700224e-05], [-0.000334999174810946, 9.277529898099601e-05, 0.9999999403953552]], "trnas": [0.00017642338934820145, -0.003975344356149435, 0.1380625069141388]}, "0000000026.png": {"poses": [0.9998983991298729, 6.118854676102674e-05, 0.014276693982744464, 0.04272084205013374, 5.759234322857527e-05, 0.9999656561796401, -0.008319357914309324, -0.24137991034330258, -0.014276709073402751, 0.008319332786756376, 0.9998637390417668, 9.747333841443739, 0, 0, 0, 1], "rot": [[0.9999998807907104, -2.41777379414998e-05, 0.0005472140037454665], [2.4026881874306127e-05, 0.9999999403953552, 0.00027568460791371763], [-0.0005472206394188106, -0.00027567139477469027, 0.9999998211860657]], "trnas": [-0.0003330375475343317, -0.003485971363261342, 0.1344991773366928]}, "0000000027.png": {"poses": [0.9998934688324043, 8.000832121174309e-05, 0.014617745754789236, 0.044063168303633396, 3.896237762936821e-05, 0.9999671634653825, -0.008138321368048313, -0.24489756984017116, -0.01461791267804101, 0.008138021896657167, 0.9998603159870139, 9.8597645360684, 0, 0, 0, 1], "rot": [[0.9999999403953552, 2.140645847248379e-05, 0.00034107620012946427], [-2.1468202248797752e-05, 1.0, 0.0001810226240195334], [-0.0003410723293200135, -0.00018102994363289326, 0.9999999403953552]], "trnas": [-0.00030145575874485075, -0.002602471737191081, 0.11246317625045776]}, "0000000028.png": {"poses": [0.9998909430834446, 1.1026035638510291e-05, 0.014790890709457043, 0.04496831320677476, 0.00010921291492588584, 0.9999672411602389, -0.008128426634849634, -0.24746155818445903, -0.014790491534342287, 0.008129153260658845, 0.9998578651823831, 9.939436411353734, 0, 0, 0, 1], "rot": [[1.0, -6.884524918859825e-05, 0.00017316261073574424], [6.884353933855891e-05, 1.0, 9.88831106951693e-06], [-0.00017316329467575997, -9.876389412966091e-06, 1.0]], "trnas": [-0.00027361989486962557, -0.001916228444315493, 0.0796947330236435]}, "0000000029.png": {"poses": [0.9998858105080647, -0.00041530637324357553, 0.015130175202659442, 0.04618689696240755, 0.0005402463578134659, 0.9999661083236482, -0.008254520393443827, -0.2497958275665587, -0.015126229641435255, 0.008261749558722298, 0.9998517614465731, 10.01042376536471, 0, 0, 0, 1], "rot": [[0.9999998807907104, -0.00042824691627174616, 0.00033932377118617296], [0.00042828975711017847, 0.9999999403953552, -0.00012613543367478997], [-0.0003392697253730148, 0.00012628074910026044, 0.9999999403953552]], "trnas": [0.00014341235510073602, -0.0017482155235484242, 0.07101449370384216]}, "0000000030.png": {"poses": [0.9998799851546794, -0.00012481392533883758, 0.01551518798081699, 0.04685844430132699, 0.0002557470564766469, 0.9999646942758117, -0.008437335090126818, -0.2512604193138356, -0.015513581837826225, 0.008440287854824998, 0.9998443663873846, 10.060566473839302, 0, 0, 0, 1], "rot": [[0.9999998807907104, 0.00028775769169442356, 0.00038498162757605314], [-0.00028768726042471826, 0.9999999403953552, -0.00018302937678527087], [-0.0003850342764053494, 0.0001829185930546373, 0.9999999403953552]], "trnas": [-0.00010680079140001908, -0.001041404320858419, 0.05015764757990837]}, "0000000031.png": {"poses": [0.9998725691177696, -9.718612151345012e-07, 0.015986359279445445, 0.04737408231616022, 0.00014489996991612843, 0.9999597796444398, -0.00900202874127044, -0.2535499351406176, -0.015985702722848508, 0.009003195354050161, 0.999831991617226, 10.0890865592531, 0, 0, 0, 1], "rot": [[0.9999998807907104, 0.00011509314936120063, 0.00047116196947172284], [-0.00011482700938358903, 0.9999998211860657, -0.0005648366059176624], [-0.0004712269001174718, 0.0005647824145853519, 0.9999997019767761]], "trnas": [5.932688509346917e-05, -0.002032651100307703, 0.02854412980377674]}, "0000000032.png": {"poses": [0.9998725772759068, 0.0001436784295497787, 0.015985718524354146, 0.04772992950581323, 1.6512103396940953e-05, 0.9999500951732533, -0.010020270545651156, -0.25544846898405227, -0.015986356200581076, 0.010019254686063501, 0.9998222975472235, 10.116882067880443, 0, 0, 0, 1], "rot": [[1.0, 0.0001283879391849041, -6.33249669590441e-07], [-0.000128388506709598, 0.999999463558197, -0.0010182874975726008], [5.025135010328086e-07, 0.0010182876139879227, 0.999999463558197]], "trnas": [-8.857835928210989e-05, -0.0016198967350646853, 0.027815265581011772]}, "0000000033.png": {"poses": [0.9998719744195673, 0.0009919226857040022, 0.015992425660444298, 0.047300670011256596, -0.0008124458247358582, 0.9999369616167028, -0.01122520834655111, -0.2559934512372155, -0.016002547457570133, 0.01121077476804681, 0.9998093989771554, 10.113059151354841, 0, 0, 0, 1], "rot": [[0.9999996423721313, 0.0008290872792713344, 6.89258149577654e-06], [-0.0008290783734992146, 0.999998927116394, -0.0012050052173435688], [-7.891629138612188e-06, 0.001204999047331512, 0.9999992847442627]], "trnas": [-0.00036758510395884514, -0.0005882311961613595, -0.0038229329511523247]}, "0000000034.png": {"poses": [0.9998716870130826, 0.0005537501783734231, 0.016033782791132538, 0.04596333041356138, -0.0003760978926635212, 0.9999388778124658, -0.011080769094622763, -0.2570959348561726, -0.016038933794518227, 0.011073313570200107, 0.9998103591201213, 10.10056887878759, 0, 0, 0, 1], "rot": [[0.9999999403953552, -0.0004359179292805493, 4.1219092963729054e-05], [0.00043591196299530566, 0.9999999403953552, 0.00014448184811044484], [-4.128207001485862e-05, -0.00014446386194322258, 1.0]], "trnas": [-0.0011364218080416322, -0.0012414646334946156, -0.012497122399508953]}, "0000000035.png": {"poses": [0.9998697620176439, -0.0025176033393515002, 0.015964893732360194, 0.04540368863605702, 0.0026874001644431387, 0.9999402759092134, -0.010623135607608837, -0.25856470608256993, -0.015937190951694304, 0.010664652810471478, 0.9998164165428809, 10.084982695939535, 0, 0, 0, 1], "rot": [[0.9999952912330627, -0.0030644030775874853, -6.914943514857441e-05], [0.003064434276893735, 0.9999951720237732, 0.0004576341307256371], [6.774672510800883e-05, -0.00045784388203173876, 0.9999998807907104]], "trnas": [-0.0003151158452965319, -0.0016334947431460023, -0.015576643869280815]}, "0000000036.png": {"poses": [0.9998497026079661, -0.005662190009936123, 0.01640776259187725, 0.04573787643081448, 0.005835448725444575, 0.9999278321878362, -0.010531012668538363, -0.26092550390077246, -0.01634694513995341, 0.010625173687686885, 0.9998102044736558, 10.130026894809886, 0, 0, 0, 1], "rot": [[0.9999949336051941, -0.003143579000607133, 0.0004431574197951704], [0.003143539186567068, 0.9999950528144836, 9.093616245081648e-05], [-0.0004434410948306322, -8.954262011684477e-05, 0.9999998807907104]], "trnas": [-0.000415973539929837, -0.0018839160911738873, 0.04506596922874451]}, "0000000037.png": {"poses": [0.9998568365111347, -0.004998257132469143, 0.01619013740023272, 0.04672034884802182, 0.005200944539144883, 0.9999086931438973, -0.012501396529116466, -0.2627621581004059, -0.01612616824096598, 0.01258380648642073, 0.99979111410452, 10.15898192241387, 0, 0, 0, 1], "rot": [[0.9999998211860657, 0.0006317032966762781, -0.00022877832816448063], [-0.0006321526016108692, 0.9999979138374329, -0.001969211036339402], [0.00022753389202989638, 0.001969355158507824, 0.9999980926513672]], "trnas": [0.0005058453534729779, -0.0014770316192880273, 0.02898782677948475]}, "0000000038.png": {"poses": [0.9998671495874253, -0.0035342010064903766, 0.015940489988016456, 0.04696821488402587, 0.0037586406921837623, 0.9998942878930578, -0.014071935854332617, -0.26462312237957347, -0.015889066883247795, 0.01412997506931603, 0.9997742667772155, 10.178682053654624, 0, 0, 0, 1], "rot": [[0.9999989867210388, 0.0014388366835191846, -0.0002575080725364387], [-0.0014392390148714185, 0.9999977350234985, -0.0015693589812144637], [0.00025524944067001343, 0.0015697279013693333, 0.9999987483024597]], "trnas": [-7.217824168037623e-05, -0.0015832800418138504, 0.01972580887377262]}, "0000000039.png": {"poses": [0.9998697547118733, -0.0033937144594610963, 0.015808106480692124, 0.047132465772504344, 0.0036357014747188748, 0.9998766310453793, -0.015304272199547265, -0.2655521404564644, -0.015754213534396322, 0.01535974568967862, 0.9997582572019108, 10.186740315981202, 0, 0, 0, 1], "rot": [[1.0, 0.0001208614994538948, -0.00013674332876689732], [-0.000121029865113087, 0.9999992251396179, -0.001231963513419032], [0.00013659433170687407, 0.0012319800443947315, 0.9999992251396179]], "trnas": [3.390023994143121e-05, -0.000805687450338155, 0.008073123171925545]}, "0000000040.png": {"poses": [0.9998714064988912, -0.002735946547541868, 0.015832631043355506, 0.04710676818933108, 0.003000143871574231, 0.9998566416350183, -0.01668725559459878, -0.26640162150438756, -0.015784701368871487, 0.016732602528665715, 0.9997357448431745, 10.194867328350304, 0, 0, 0, 1], "rot": [[0.9999998211860657, 0.0006359806866385043, 1.9847899238811806e-05], [-0.000635952630545944, 0.9999988675117493, -0.0013832408003509045], [-2.072759161819704e-05, 0.0013832279946655035, 0.9999990463256836]], "trnas": [-0.00015652515867259353, -0.0007133023464120924, 0.008138627745211124]}, "0000000041.png": {"poses": [0.9998711956092663, -0.002483059400113911, 0.015889362314758324, 0.04685524687852134, 0.0027661318918310914, 0.9998378151228999, -0.01781809718920041, -0.26742353637897637, -0.01584253788230332, 0.017859746233316064, 0.9997153149446232, 10.191433673443553, 0, 0, 0, 1], "rot": [[1.0, 0.00023500628594774753, 5.365371544030495e-05], [-0.0002349454298382625, 0.9999993443489075, -0.0011311756679788232], [-5.3919513447908685e-05, 0.0011311630951240659, 0.9999993443489075]], "trnas": [-0.0001999176456592977, -0.0010824479395523667, -0.003418463049456477]}, "0000000042.png": {"poses": [0.9998702852370558, -0.002720962254240544, 0.015909749257353178, 0.046588492499938905, 0.003022428692343465, 0.9998161845359467, -0.01895528040313418, -0.2682967037464783, -0.015855244443777863, 0.019000899095976114, 0.9996940668672816, 10.192204480186538, 0, 0, 0, 1], "rot": [[1.0, -0.00025601053494028747, 1.7575322999618948e-05], [0.0002560303546488285, 0.9999993443489075, -0.0011374279856681824], [-1.7284119167015888e-05, 0.0011374325258657336, 0.9999993443489075]], "trnas": [-0.0002815798798110336, -0.0008576342952437699, 0.0007828775560483336]}, "0000000043.png": {"poses": [0.9998733705957347, -0.002024664515536167, 0.01581913711363663, 0.046036850270731844, 0.0023435175944357908, 0.9997943719508537, -0.02016367499449349, -0.2688759243397526, -0.015775055405749243, 0.020198184568703346, 0.9996718809816183, 10.197029058845406, 0, 0, 0, 1], "rot": [[0.9999997615814209, 0.0006771574844606221, -9.390080958837643e-05], [-0.0006772704655304551, 0.9999990463256836, -0.0012083464534953237], [9.308248263550922e-05, 0.0012084097834303975, 0.9999992847442627]], "trnas": [-0.0006290370947681367, -0.00048053645878098905, 0.004825945012271404]}, "0000000044.png": {"poses": [0.9998734425127144, -0.00180480515875055, 0.015842468509545935, 0.04568234388700328, 0.002143599490261707, 0.999769246449209, -0.02139431110698794, -0.26937669667219444, -0.01580019659727316, 0.021425553067523927, 0.9996459143714963, 10.18673098197732, 0, 0, 0, 1], "rot": [[1.0, 0.00020041060633957386, 2.0854025933658704e-05], [-0.0002003847766900435, 0.9999992251396179, -0.0012309537269175053], [-2.1100706362631172e-05, 0.0012309495359659195, 0.9999992251396179]], "trnas": [-0.00019282310677226633, -0.0007206583395600319, -0.010289326310157776]}, "0000000045.png": {"poses": [0.9998718785548197, -0.001899678462796618, 0.015930503971512678, 0.045741835095371344, 0.0022629200007481948, 0.9997375824231138, -0.022814675011554986, -0.27019530664065, -0.015882979398535876, 0.022847789933227527, 0.9996131070694373, 10.180941549514236, 0, 0, 0, 1], "rot": [[1.0, -0.00011740066111087799, 8.549789345124736e-05], [0.00011752203135984018, 0.9999989867210388, -0.0014208967331796885], [-8.533099025953561e-05, 0.0014209067448973656, 0.9999989867210388]], "trnas": [0.00014958440442569554, -0.0009507830836810172, -0.005767564754933119]}, "0000000046.png": {"poses": [0.999874314653382, -0.0014651510691518915, 0.015825032483310693, 0.045503490082237405, 0.0018509778269222552, 0.9997011676014231, -0.02439369510140371, -0.27100900245765047, -0.015784559643425275, 0.024419908025907145, 0.9995774969784104, 10.175469442087586, 0, 0, 0, 1], "rot": [[0.9999999403953552, 0.0004094189207535237, -0.00010846545046661049], [-0.00040958967292681336, 0.9999986886978149, -0.0015792176127433777], [0.00010781874152598903, 0.001579261850565672, 0.9999987483024597]], "trnas": [-0.00015344619168899953, -0.0009467309573665261, -0.00545371463522315]}, "0000000047.png": {"poses": [0.9998755895842117, -0.0012661570870373894, 0.015762674023658056, 0.04495442775442836, 0.0016700650377607393, 0.9996703754186381, -0.02563756445497788, -0.2712852398313493, -0.015725013792621926, 0.02566068563342416, 0.9995473536379555, 10.161768286128636, 0, 0, 0, 1], "rot": [[1.0, 0.0001793266274034977, -6.41771184746176e-05], [-0.00017940632824320346, 0.9999992251396179, -0.0012441412545740604], [6.395395757863298e-05, 0.0012441527796909213, 0.9999992251396179]], "trnas": [-0.00033400405663996935, -0.0006270316080190241, -0.013696517795324326]}, "0000000048.png": {"poses": [0.9998765465219022, -0.0012086365948134532, 0.01570653595623523, 0.044561786797856634, 0.0016323371597955227, 0.9996348264742972, -0.026991280572229416, -0.27135428176328735, -0.015668173740617897, 0.027013571708747738, 0.9995126227504376, 10.149781238590725, 0, 0, 0, 1], "rot": [[1.0, 3.617976835812442e-05, -5.784566019428894e-05], [-3.625806493801065e-05, 0.9999991059303284, -0.0013540887739509344], [5.779662023996934e-05, 0.0013540908694267273, 0.9999991059303284]], "trnas": [-0.00020488977315835655, -0.0003923547628801316, -0.01198550034314394]}, "0000000049.png": {"poses": [0.9998776033791112, -0.0009302297720944637, 0.015660334891043057, 0.044053212209011136, 0.0013731716890685193, 0.9995991492687183, -0.028297344554040794, -0.2722332340882925, -0.015627729884181273, 0.02831536927714469, 0.9994772443636473, 10.139240129613858, 0, 0, 0, 1], "rot": [[1.0, 0.00025791709776967764, -4.7772922698641196e-05], [-0.00025797932175919414, 0.9999991655349731, -0.0013064856175333261], [4.7435918531846255e-05, 0.0013064979575574398, 0.9999991655349731]], "trnas": [-0.00034498522290959954, -0.001176601042971015, -0.01051868312060833]}, "0000000050.png": {"poses": [0.9998762615121558, -0.0005114497455448748, 0.01576654930649689, 0.04368504941646093, 0.0009776687861924264, 0.999562585613922, -0.029576597587323818, -0.27334672985339015, -0.01574452171336384, 0.02958833472880064, 0.99943852684364, 10.128065656796347, 0, 0, 0, 1], "rot": [[0.9999999403953552, 0.0003987844684161246, 0.0001050497085088864], [-0.00039864968857727945, 0.9999991059303284, -0.0012799339601770043], [-0.00010556002962403, 0.0012798919342458248, 0.9999991655349731]], "trnas": [-0.00019326886103954166, -0.001443452900275588, -0.011141061782836914]}, "0000000051.png": {"poses": [0.9998747633437403, -0.00025855643967702857, 0.015869505015711913, 0.043097572894518425, 0.0007444093152303274, 0.9995314868729102, -0.03061720321689097, -0.27454087070750466, -0.015854149263945135, 0.030625163452602588, 0.9994055710700995, 10.120346988365672, 0, 0, 0, 1], "rot": [[1.0, 0.00023650690854992718, 0.0001024443336063996], [-0.0002364001120440662, 0.999999463558197, -0.0010411770781502128], [-0.0001026905229082331, 0.0010411528637632728, 0.999999463558197]], "trnas": [-0.0004659182741306722, -0.0014298133319243789, -0.007686836179345846]}, "0000000052.png": {"poses": [0.9998735966124596, -0.0001225494173082258, 0.015945131372176128, 0.042258477615709014, 0.0006229948626789835, 0.9995077834766801, -0.03138425504163808, -0.27576696725982947, -0.01593343242598472, 0.031390202004025224, 0.9993805730549115, 10.11896483735624, 0, 0, 0, 1], "rot": [[1.0, 0.00012384312867652625, 7.544209802290425e-05], [-0.0001237851829500869, 0.9999997019767761, -0.0007674766820855439], [-7.553712202934548e-05, 0.0007674673106521368, 0.9999997019767761]], "trnas": [-0.0008177294512279332, -0.0012687747366726398, -0.0013561932137236]}, "0000000053.png": {"poses": [0.9998745796627191, 0.00020127545362712886, 0.015882020096619327, 0.04094195890533767, 0.000308231017983517, 0.9994860952909069, -0.03207170166645578, -0.27778406918734655, -0.01588030924474471, 0.032072554078861594, 0.9993597530592118, 10.121849426120402, 0, 0, 0, 1], "rot": [[0.9999999403953552, 0.00031289775506593287, -6.319974636426196e-05], [-0.0003129411197733134, 0.9999997019767761, -0.0006877532578073442], [6.298453081399202e-05, 0.0006877729902043939, 0.9999997615814209]], "trnas": [-0.0013627815060317516, -0.0019238119712099433, 0.002926522633060813]}, "0000000054.png": {"poses": [0.9998762980840044, 0.0004590013649519238, 0.015770370457603124, 0.03967340747024158, 5.937357281509489e-05, 0.9994607718008307, -0.0328539568961465, -0.27947902332262503, -0.015776942222619734, 0.03285080753966812, 0.999336124875992, 10.119218548027154, 0, 0, 0, 1], "rot": [[1.0, 0.00024532651877962053, -0.00011150136560900137], [-0.00024541368475183845, 0.9999997019767761, -0.0007826326182112098], [0.00011130933125969023, 0.0007826599758118391, 0.9999997019767761]], "trnas": [-0.0012269860599189997, -0.0017810467397794127, -0.0025934490840882063]}, "0000000055.png": {"poses": [0.9998748594538425, 0.0005996838242848635, 0.01585739495265823, 0.03864501947513642, -6.721204731982806e-05, 0.9994373994665349, -0.033557957420237206, -0.28136454011029294, -0.01586859292728259, 0.033552669628650694, 0.9993113684133561, 10.121774598497494, 0, 0, 0, 1], "rot": [[1.0, 0.000129590232972987, 8.736237941775471e-05], [-0.00012952866381965578, 0.9999997615814209, -0.0007043933728709817], [-8.745364175410941e-05, 0.0007043820805847645, 0.9999997615814209]], "trnas": [-0.0010686918394640088, -0.001799308112822473, 0.0026012547314167023]}, "0000000056.png": {"poses": [0.9998718612414663, 0.0008683342851350111, 0.016036113064540603, 0.037598956716658256, -0.00031899320249153694, 0.9994146714860294, -0.03422728879416733, -0.28316744637148616, -0.016056442858502468, 0.034217763264030046, 0.9992858170045049, 10.125075874319217, 0, 0, 0, 1], "rot": [[1.0, 0.00025806386838667095, 0.00017914592172019184], [-0.0002579438441898674, 0.9999997615814209, -0.0006697041098959744], [-0.00017931871116161346, 0.0006696578930132091, 0.9999997615814209]], "trnas": [-0.0010983585380017757, -0.0016897948225960135, 0.0033438492100685835]}, "0000000057.png": {"poses": [0.9998646195071464, 0.0011628573120984547, 0.016464091415474228, 0.036919646737046063, -0.0005880384298947538, 0.9993921572786969, -0.0348753349077456, -0.2852739137291155, -0.016494632854994515, 0.03486090475387606, 0.9992565136902974, 10.129676356074082, 0, 0, 0, 1], "rot": [[0.9999998807907104, 0.00028416543500497937, 0.0004286000330466777], [-0.0002838875516317785, 0.9999997615814209, -0.0006482970202341676], [-0.000428784143878147, 0.0006481752498075366, 0.9999997615814209]], "trnas": [-0.0007538613281212747, -0.0019455973524600267, 0.0046593365259468555]}, "0000000058.png": {"poses": [0.9998584793532468, 0.0012963510779599589, 0.01682388915666267, 0.03611257156046337, -0.0007015674482071368, 0.9993768171973769, -0.035311339676594604, -0.28712389988427295, -0.01685917312413264, 0.03529451128964954, 0.9992352491182073, 10.143200702108153, 0, 0, 0, 1], "rot": [[0.9999999403953552, 0.00012633232108782977, 0.0003603555669542402], [-0.00012617518950719386, 0.9999999403953552, -0.0004360620805528015], [-0.00036041063140146434, 0.0004360165912657976, 0.9999998807907104]], "trnas": [-0.001033670618198812, -0.001372542348690331, 0.013565736822783947]}, "0000000059.png": {"poses": [0.9998556838145795, 0.0013858040268262739, 0.01698311290981866, 0.03502068754845783, -0.0007796864781189124, 0.9993649429631467, -0.03564417492228071, -0.2898657671813011, -0.017021715908840666, 0.035625760124673764, 0.9992207468034869, 10.15552748684402, 0, 0, 0, 1], "rot": [[1.0, 8.386389527004212e-05, 0.0001596789516042918], [-8.381072257179767e-05, 0.9999999403953552, -0.0003329328028485179], [-0.0001597068621776998, 0.0003329194150865078, 0.9999999403953552]], "trnas": [-0.0012994094286113977, -0.002302484819665551, 0.012396354228258133]}, "0000000060.png": {"poses": [0.9998517797557129, 0.0016220976375030754, 0.017193593617503694, 0.03438231387174485, -0.001001657608075308, 0.9993508482357516, -0.036032871382146614, -0.2925113208758199, -0.017240872836817286, 0.036010277209153556, 0.999203244179824, 10.180017375285182, 0, 0, 0, 1], "rot": [[1.0, 0.00022972495935391635, 0.00021105095220264047], [-0.00022964288655202836, 0.9999999403953552, -0.00038878092891536653], [-0.00021114025730639696, 0.0003887324419338256, 0.9999999403953552]], "trnas": [-0.0010578542714938521, -0.001762981410138309, 0.024554699659347534]}, "0000000061.png": {"poses": [0.9998461221056337, 0.0017177666392410014, 0.017510072971542133, 0.03420838127074615, -0.0010757737401237706, 0.9993298637215665, -0.03660786180375246, -0.2948512484377164, -0.017561214339543565, 0.03658336056675258, 0.9991768247412934, 10.210976955075465, 0, 0, 0, 1], "rot": [[0.9999999403953552, 8.579522545915097e-05, 0.00031746330205351114], [-8.561265713069588e-05, 0.9999998211860657, -0.0005750543205067515], [-0.0003175125748384744, 0.000575027137529105, 0.9999997615814209]], "trnas": [-0.0007150751771405339, -0.0012060508597642183, 0.031016675755381584]}, "0000000062.png": {"poses": [0.9998378820095909, 0.0018550297569615002, 0.01796027149152708, 0.034251757428607116, -0.001186807160900576, 0.9993099508211434, -0.03714497552733313, -0.29751732780269036, -0.018016773421830466, 0.037117607766023505, 0.9991490178423224, 10.2474536470073, 0, 0, 0, 1], "rot": [[0.9999998807907104, 0.000127881154185161, 0.00045119455899111927], [-0.00012763886479660869, 0.9999998807907104, -0.0005369969294406474], [-0.00045126318582333624, 0.000536939303856343, 0.9999997615814209]], "trnas": [-0.0006106580258347094, -0.0013102294178679585, 0.03654542192816734]}, "0000000063.png": {"poses": [0.9998332912713109, 0.002042716843034113, 0.018196350854958025, 0.03399385639900292, -0.0013541033565362003, 0.9992861300607826, -0.0377757023282686, -0.300234113097177, -0.018260515453147618, 0.03774473170245079, 0.9991211469335002, 10.272978788410697, 0, 0, 0, 1], "rot": [[1.0, 0.0001763858599588275, 0.00023729135864414275], [-0.0001762361207511276, 0.9999998211860657, -0.0006308871670626104], [-0.00023740259348414838, 0.0006308453157544136, 0.9999998211860657]], "trnas": [-0.0007202801643870771, -0.001751930103637278, 0.02560061402618885]}, "0000000064.png": {"poses": [0.9998297796625052, 0.002210424054239075, 0.018370363116331345, 0.03395659237313708, -0.0015002629628576842, 0.9992551469900266, -0.03858219511496501, -0.30290106402787015, -0.01844195105131561, 0.03854803179254445, 0.9990871868494808, 10.298543225731517, 0, 0, 0, 1], "rot": [[1.0, 0.00015305224223993719, 0.0001756951241986826], [-0.00015291043382603675, 0.9999997019767761, -0.0008068421157076955], [-0.00017581855354364961, 0.0008068152237683535, 0.9999997019767761]], "trnas": [-0.0005047137383371592, -0.0016795850824564695, 0.025643281638622284]}, "0000000065.png": {"poses": [0.9998242705106556, 0.0023446873058732337, 0.01865072521426151, 0.03427388941731173, -0.0016072201537911997, 0.9992208115026442, -0.0394580560836132, -0.305194077360755, -0.018728696445444556, 0.03942111139065269, 0.9990477906688379, 10.321537288873703, 0, 0, 0, 1], "rot": [[0.9999999403953552, 0.00011819038627436385, 0.0002823543909471482], [-0.00011794297461165115, 0.9999996423721313, -0.0008761060307733715], [-0.0002824578550644219, 0.000876072735991329, 0.9999995827674866]], "trnas": [-0.00010972201562253758, -0.0013840285828337073, 0.023068534210324287]}, "0000000066.png": {"poses": [0.9998200063466105, 0.002437577384485153, 0.018867595404229186, 0.03439099128500294, -0.001677117924092313, 0.9991904548892472, -0.04021640578008333, -0.3080695071578058, -0.01895033882768777, 0.040177486137528036, 0.9990134922002311, 10.348196349982821, 0, 0, 0, 1], "rot": [[1.0, 7.875647861510515e-05, 0.00021869286138098687], [-7.859055767767131e-05, 0.9999997019767761, -0.0007586010615341365], [-0.00021875255333725363, 0.0007585838320665061, 0.9999997019767761]], "trnas": [-0.000383294333005324, -0.0018017191905528307, 0.026750575751066208]}, "0000000067.png": {"poses": [0.999822315810962, 0.002695200569007133, 0.01871173258650717, 0.0338701823130078, -0.0019270631502103204, 0.9991603333182574, -0.04094840173572833, -0.310766886196869, -0.018806371154078714, 0.04090502757764382, 0.9989867298948858, 10.37177328032664, 0, 0, 0, 1], "rot": [[1.0, 0.00024383969139307737, -0.00015409965999424458], [-0.00024395257059950382, 0.9999997615814209, -0.0007328572683036327], [0.00015392091881949455, 0.0007328948704525828, 0.9999997615814209]], "trnas": [-0.0009589130058884621, -0.0017320994520559907, 0.02365371584892273]}, "0000000068.png": {"poses": [0.9998216723385887, 0.002864030293605459, 0.01872166135619662, 0.033601348586487105, -0.002079284169123367, 0.9991246862100657, -0.04180231187486915, -0.3131728681899385, -0.01882498283937349, 0.04175588905370803, 0.998951184215357, 10.386297630853557, 0, 0, 0, 1], "rot": [[1.0, 0.00015286648704204708, 1.2241005606483668e-05], [-0.00015285596600733697, 0.9999996423721313, 